1576884440269475840
1576881124889923584
1576880014120824834
1576879915630137344
1576876030920253440
1576871999527211009
1576871744555868160
1576871071965270016
1576869713690660865
1576868998264000512
1576867340532097024
1576865660973436929
1576862792165924866
1576860610867838976
1576857401315426305
1576854749286387712
1576854701001170944
1576852201317679105
1576849561934794752
1576849559841476608
1576849183155576833
1576846779525365760
1576843153570959360
1576837417822085120
1576830946870931456
1576827571940958209
1576825819850080256
1576825764145639424
1576822321259565056
1576821837425582080
1576821672199397378
1576820986191654912
1576819242317422592
1576817917064118273
1576815194319163392
1576814532957155329
1576811995361611776
1576808394090254336
1576806774786560000
1576805839305814016
1576805720204652544
1576805650092261376
1576803266926546945
1576802457623334914
1576802438022979584
1576801836086235136
1576801448792248320
1576801437023031296
1576800537412251649
1576799741144289280
1576799524344852480
1576798864107241472
1576798443401797632
1576797556067037185
1576796537165819904
1576794906403536897
1576794531294769152
1576793986802798592
1576793218607644672
1576792981058699264
1576792216366088192
1576792202491355136
1576791503015673856
1576791219585183745
1576790037756542976
1576789157300817920
1576788187682603008
1576787827316039682
1576785652410372096
1576785017522466816
1576784170852155392
1576784043449819138
1576781882884489218
1576781001371566080
1576780846258098176
1576780321152204801
1576779261318266880
1576778954790162433
1576778892806717442
1576778800335323136
1576777544447451137
1576776758908506114
1576776453135691776
1576775662631018496
1576775310149681154
1576775108495958016
1576774256121167872
1576774098453401600
1576774097022746624
1576773926528503808
1576773554276036609
1576772801599787008
1576772453627752450
1576772316331401216
1576772115138682880
1576771311766044672
1576770769253969920
1576769940924731392
1576769448538619904
1576768909310537728
1576768115236478978
1576766885697589249
1576766347316715520
1576765878720376833
1576765803944632320
1576764683821797378
1576763976675123200
1576763535354662912
1576763349907705856
1576762741909430272
1576762489680777217
1576762119542177792
1576760373599870977
1576759806337363968
1576759550820352000
1576758356282261505
1576758293825228801
1576758266591600640
1576758221054050305
1576757907219021824
1576755382516846592
1576755238102409216
1576754488144109568
1576754206395969536
1576753676684664833
1576753262061318145
1576752833197588485
1576751852003397632
1576750510383960064
1576750269567709186
1576749396984680448
1576748576847597568
1576746637401395200
1576746635576516608
1576745958423289857
1576745389759533058
1576745053963268096
1576744314402934789
1576744284396875777
1576743622845743104
1576743299511033859
1576742985299292161
1576742473316999168
1576741926836924416
1576741305236889600
1576741061439156224
1576740480473190401
1576740238646734849
1576739774383390720
1576739466277838849
1576739256458162176
1576738506814418944
1576738357362638848
1576738298562691072
1576738216752791552
1576738199220936705
1576737870366183424
1576736373796544514
1576735979934605312
1576735829019746305
1576735805460033537
1576735620738609153
1576735496243666944
1576735488206987264
1576735437317500929
1576735411992502272
1576735163597303810
1576734781148012544
1576734696070778880
1576734676508893184
1576734053587640321
1576734035334029314
1576733971097866241
1576733769305755648
1576733630532964352
1576733398109851648
1576733247689887745
1576733187661000710
1576732661938540544
1576732312523661312
1576731674670350336
1576731586976165888
1576730955351355393
1576730925114630144
1576730845376716801
1576730820408012801
1576730683409514496
1576730431822577664
1576730365397733377
1576729596191350784
1576728846518616064
1576728468804751360
1576728328106430467
1576727874182074368
1576727779663413248
1576727599232864256
1576727576868925440
1576726730349613056
1576726045499105280
1576725865295028224
1576725534150889472
1576725306832203776
1576725188779347968
1576724363487121408
1576722897208455169
1576722605284827139
1576722005445017600
1576721164210036736
1576721073789276160
1576720644976222208
1576720510595256322
1576720477841952769
1576720048433287169
1576718618863308800
1576718427578060801
1576718300016279553
1576717912454230016
1576717806753570818
1576717665024241665
1576717325545312257
1576716581056356352
1576716263635570688
1576716221273100289
1576715846008721410
1576715724017479680
1576715085346930688
1576714779481501697
1576714340446908416
1576714168215826432
1576713518602391552
1576713499027607553
1576713005106012162
1576712950295179265
1576712824063430657
1576712370063540224
1576712005645238272
1576710645495447553
1576710345133289475
1576709437284577280
1576709135822778368
1576708800408846337
1576707901363695616
1576707517660692480
1576707394851467264
1576707337225613315
1576705942665584640
1576705366867730435
1576705324819496961
1576705232155070464
1576705126680567810
1576704903463849984
1576704848505888769
1576704398797209600
1576702705954803712
1576702486877941760
1576702340970577920
1576701657039089670
1576700611407777792
1576699907683258369
1576699430278832128
1576698931873910784
1576698652948512769
1576697353976750080
1576696478747066370
1576696377593458689
1576696348233326592
1576695909278416897
1576695544000364545
1576695299002671104
1576695136142077953
1576695009088540672
1576694785980915713
1576694748806774785
1576694331771179013
1576694289370947584
1576693919898664962
1576693661214990337
1576692622005264384
1576692469894647809
1576692359345016832
1576692110765436928
1576691987247689728
1576691847694413825
1576691548041150464
1576691539673198592
1576691506404294656
1576691388779220993
1576690952365756416
1576690290743648256
1576690165745356801
1576689469780287488
1576689329606254593
1576689043177635840
1576688826453397504
1576688703296376832
1576688466959556608
1576688390493569026
1576687886765764608
1576687787155521536
1576687389069611009
1576687016863236096
1576686162219249664
1576685677734899712
1576685170316685312
1576685129749012480
1576684981128024064
1576684291584843776
1576684022930886657
1576683670726799360
1576683565609529344
1576683558852100097
1576682473916071936
1576682410938273792
1576682343036727296
1576681881105752065
1576681774129721345
1576681651182391301
1576680955086983168
1576680877207142400
1576680277467807745
1576680245897281538
1576679915771961345
1576679894804619264
1576679273993310213
1576679234680102914
1576679095819116544
1576678552002760704
1576678244975140864
1576677043819143169
1576676712946941952
1576676081809379328
1576675890448470016
1576675825981607936
1576675442991329280
1576675047875391488
1576674340472778752
1576674265960546304
1576673844974477313
1576673830088904704
1576673524206669824
1576672875586592768
1576672781680357376
1576672703674974208
1576672246961434625
1576672083718729728
1576671495857664002
1576670867643211777
1576670520694566912
1576670349546385408
1576670243388149760
1576669612724277249
1576669578842644485
1576669503215505408
1576669235388231680
1576668744067166210
1576668407461605376
1576668405935247360
1576668136660606978
1576667870812962819
1576667291563196416
1576667194456670210
1576667008145526786
1576666664443465729
1576666374985814016
1576666264398794752
1576665562780172289
1576665139230965760
1576665040316338176
1576664331000823808
1576664130651492352
1576664118874046465
1576663806805422083
1576663105110614017
1576662857475067904
1576662235715629056
1576661983524683776
1576661778959724544
1576661634025541633
1576660450015842304
1576660198550171649
1576660134398676992
1576659999886954497
1576659741606281216
1576659594230702080
1576659521694375936
1576659325120282624
1576658979086045184
1576658338871320577
1576658108037767169
1576657239573921792
1576657010262609920
1576655652218228738
1576655487918952449
1576654995822284800
1576654403519803392
1576654331885285376
1576654266777112577
1576653564549922816
1576653449609216007
1576653421322461189
1576653067713662976
1576652519824322562
1576652371270041601
1576652315393941505
1576652001395429376
1576651852774457344
1576651577431330816
1576650839652827137
1576650793372917760
1576649618368000001
1576649595719147521
1576649052955217920
1576649023133339648
1576648912504426499
1576648732078092288
1576648538552795136
1576648323255050240
1576647776263614464
1576647613612691457
1576647123990327296
1576647041069256704
1576647005312802816
1576646829394927616
1576646526432313344
1576646499726815233
1576646390918234112
1576646169643872256
1576645710963171329
1576645109365362688
1576644781169528832
1576644669039312896
1576644073930117120
1576642858232074240
1576642792633167873
1576642457500278785
1576642165333053440
1576641616877875200
1576641097136078850
1576641071987105792
1576640432435437569
1576639849859551233
1576639482669199361
1576639243782623232
1576639068532002816
1576638739614683136
1576638607904759808
1576638499322634240
1576638422864666624
1576638032924459008
1576637232357646336
1576636876215066625
1576636622065410049
1576636193755648001
1576634962622627840
1576633891821166596
1576633824296902656
1576633775630745601
1576633738175266816
1576633004948348929
1576631948339879936
1576631751228563456
1576631510899503104
1576630838640287744
1576629680358105088
1576629411583250432
1576629313373282304
1576629052181741570
1576628030587293696
1576627213818294272
1576627136491704321
1576626543052267522
1576624709919121408
1576624197241298944
1576623959616811008
1576623679189897216
1576623152485912576
1576621818223661061
1576621618394460160
1576621279200759813
1576620904716476416
1576620899197149185
1576620244772130818
1576619787643297792
1576618719765499904
1576618513883484162
1576618416362119168
1576617592768565250
1576617134125219840
1576616640447250432
1576616638153359360
1576616637268373504
1576616508394209281
1576616283252346883
1576615922994847746
1576615401613455363
1576614949920833536
1576614789245435905
1576614459321487363
1576614248058273792
1576614003748401152
1576613783019016192
1576613649883414528
1576613299235344385
1576613088186732544
1576612786439745542
1576612750478151680
1576612685030264832
1576612535540686848
1576612011885985792
1576611962191941640
1576611753827663872
1576611720918769664
1576611367041187840
1576610643104305152
1576610525089214464
1576610523155603456
1576610431392976897
1576610260151767040
1576609393549795329
1576609000866680833
1576608488788492288
1576608062789816320
1576607924998139904
1576607536366567424
1576606610075418625
1576606356395937792
1576606083887824896
1576606030393643008
1576605964530089986
1576605470105616384
1576605202110566400
1576604876942897156
1576604757447544832
1576604654875512832
1576603925356367874
1576603664747139072
1576603160977686528
1576602799223508992
1576602629471629313
1576602236762738688
1576601785816387586
1576601669298577408
1576601522623815682
1576601511781883905
1576601116988489728
1576601021530263552
1576599302872236037
1576598614646087680
1576598012948017153
1576597402357665793
1576597291011448833
1576596966225506306
1576596510426660865
1576596428285087744
1576596354104627200
1576595951711506433
1576595884225150977
1576595807012167685
1576594883157970944
1576592624710193154
1576592600311549952
1576592410838069249
1576591790215692289
1576591439219216387
1576590856642928641
1576590408884158464
1576590273643020288
1576589328087584769
1576588834095366145
1576587860446101504
1576587809317478400
1576586466972475392
1576586376924962817
1576585986154192898
1576585697728897025
1576585535430094848
1576585491389894659
1576584963675521025
1576584900823912448
1576584786205810688
1576582317094490113
1576581505505103873
1576581336646942720
1576581058367131648
1576580794776027136
1576580271042080770
1576579920003993600
1576579752294379521
1576579688633286656
1576578978412113920
1576578523430793216
1576577152430264322
1576576288902774785
1576576178952863745
1576576052687949825
1576576033754845184
1576575469175984128
1576574879758893056
1576574503068766215
1576573881686839297
1576573313563774976
1576573252385636354
1576572863842201600
1576572455933874183
1576572230107951105
1576571023872659459
1576570477568724994
1576570051502612482
1576569438123757568
1576568303518388227
1576565865725976577
1576564370158473218
1576563485642698752
1576563472183488513
1576563122730520580
1576562375313924096
1576561524440989696
1576561185356292096
1576560905667506176
1576560743465381888
1576560564343447552
1576560248357208066
1576559306274897920
1576559244693757952
1576558657277693953
1576558120582926338
1576556323423932416
1576555762658480134
1576555344225976321
1576555009990594561
1576554769627623425
1576552754826207235
1576552369655275521
1576552167733080064
1576551605121716224
1576551196172877825
1576550109760090112
1576549845761867776
1576548901598789632
1576548604075864064
1576548220859125761
1576547146597249024
1576546375466000384
1576546312283394048
1576546297083199491
1576545423187054592
1576545283202510848
1576545148800241669
1576544748407431169
1576543866362433536
1576543254526296067
1576542992847863808
1576542705538465794
1576542681400225798
1576542679554412544
1576542369801199616
1576541477370748928
1576540709481766917
1576540340089409536
1576540089466748928
1576540080495161344
1576539288006971392
1576539226401017856
1576538709624692736
1576538523208818688
1576538503466602499
1576538490741092354
1576535667601203202
1576534374790537216
1576534070477328384
1576533446176174082
1576532360752902144
1576532087049707520
1576531123727138816
1576530827059789824
1576528915140472832
1576527781097185280
1576526978034720768
1576526363858587648
1576523747401469952
1576522694752755712
1576518793719066625
1576518277366702082
1576513458874425344
1576506109270949889
1576503063128379393
1576499344899207168
1576488184619622401
1576481127950618624
1576478523375484928
1576476134396436482
1576475205014519808
1576474148582608898
1576470445179535361
1576469171214635009
1576467848750170112
1576466771464245248
1576466659027533824
1576464910136983553
1576463160240144385
1576461623933292545
1576460669490458624
1576458968305913857
1576458958612893696
1576457438110572544
1576454796105551872
1576451496837013505
1576449080473292806
1576446884679340032
1576445832500375552
1576445359811100673
1576444237666607104
1576443831981342727
1576443596143673345
1576443257558487040
1576443116294635520
1576442361155944449
1576441887560376320
1576441799240929281
1576438615923896320
1576438595698556930
1576437953026367488
1576437941508792320
1576437582748999680
1576437046566326272
1576436990203289602
1576436089535213568
1576434888471085056
1576433281167667200
1576432498929606656
1576430876837416960
1576430036873146368
1576429266362720258
1576428157393334272
1576428085301608448
1576428064904728576
1576427713136455680
1576427504524722177
1576427288534470656
1576426508440461313
1576426288138448897
1576425248396029952
1576425045949579265
1576424474660200449
1576424117343068160
1576422989536849920
1576422305919430656
1576422144216821760
1576421234622877696
1576419879322025984
1576418576755412992
1576418445616287744
1576418403627454464
1576418006548512768
1576416035326287873
1576414136040574976
1576414042495016960
1576413788466601985
1576412985836204032
1576412952269234176
1576412597804732417
1576412515277209601
1576412505894551552
1576412014158573568
1576411604039573504
1576411463500984320
1576411262258319361
1576411064299765762
1576411011619299328
1576410681850482689
1576410441432997888
1576410042739265536
1576409803303198720
1576409624906866690
1576408376161861632
1576408140928589824
1576407203783016448
1576405960452546561
1576405553458204673
1576404862450794497
1576404554849001473
1576404139377971201
1576404103223078912
1576402647275343873
1576402405255573504
1576402372967792641
1576401588327165953
1576401379249168384
1576401163972386817
1576400632423948288
1576400225836896256
1576400094865149953
1576399663107743745
1576399159405740032
1576398945676562434
1576398845709234177
1576398662212943872
1576397776585641984
1576397715994423298
1576397622973112320
1576397521298944000
1576397446367784961
1576397256688693249
1576397008029765632
1576395956123148288
1576395796320161792
1576395586999554050
1576395578837446658
1576395574961614849
1576394292540891136
1576393985811427329
1576393879607468032
1576393873521508352
1576392648373374976
1576392633626152960
1576392234512969728
1576390830675218432
1576390807837241345
1576390561711288320
1576390046521122818
1576389883945357314
1576389238308098050
1576388986947239937
1576388458846699521
1576388360788025344
1576388154487373824
1576387982205984768
1576387153701265408
1576386947735355393
1576386639303421953
1576386486483574785
1576385547718696960
1576385387525992448
1576385134970142720
1576384858565115905
1576384609759076352
1576384318402097152
1576382974316400640
1576382873627918336
1576382679888453633
1576382404872134656
1576382388174610432
1576381889459679232
1576381417532977152
1576381169356374016
1576380842775310336
1576380584641060865
1576380303190261760
1576380233930133504
1576380107253764097
1576379860079251456
1576379838302064640
1576379821151514624
1576379545870995458
1576379529194393601
1576378912933703680
1576378750450925568
1576377731759366146
1576377389642559489
1576376710349529088
1576376308812042241
1576376151605673984
1576375250681401345
1576375198890151938
1576375139398451200
1576373491435462657
1576373172639002625
1576372329168281601
1576372196850642946
1576372134363873280
1576371677683863552
1576371149616910337
1576370682203545601
1576370472329310208
1576370248915484674
1576370127800397824
1576369008164900864
1576367482763296768
1576367472370151424
1576367163681562625
1576367050951626752
1576366976376545281
1576366913261015041
1576366570636394496
1576365284273065984
1576365014667038720
1576364897167822848
1576364563846483969
1576364417322975232
1576363886261211136
1576363759664128001
1576363695130628096
1576363144087150592
1576363099325870080
1576363095009566721
1576362905187995648
1576362468632592384
1576361801536925696
1576361796734455808
1576361718372257792
1576361278448156672
1576360758794891264
1576360644047433729
1576359840980807680
1576359709329657856
1576359079169359872
1576358686884257792
1576358124977459200
1576358097089490944
1576356104249843712
1576355547783528448
1576355057070530561
1576353519052824577
1576353458990379008
1576353092949245952
1576351768509923340
1576351649282502657
1576351319975071745
1576351285544366080
1576350708898893824
1576350587074945025
1576350483865739264
1576350344694464512
1576349131164958722
1576349024096960513
1576348830471057408
1576348793938681859
1576348546399318016
1576348157708935169
1576347457193058304
1576347122789933056
1576346999439458307
1576346895781228545
1576346747714277376
1576346528016277504
1576346476392824833
1576346461867868160
1576346388761223168
1576346282373021697
1576346228803088384
1576344816644141057
1576344499713765376
1576344495104618496
1576343921378349056
1576343378932903936
1576343330023436288
1576343074061504512
1576342101234941952
1576341516737740801
1576341380758405120
1576341180476198914
1576340465208922113
1576338983797551105
1576337855076798464
1576337483595677696
1576337280196714497
1576336026330894336
1576333826640384001
1576333658725961729
1576332860062982144
1576332604433129472
1576332523080065027
1576331276033830912
1576331241581776896
1576330722104647681
1576330507650203648
1576330285716627457
1576330259657433088
1576330205118857219
1576330109702656001
1576329406808674305
1576329180265951233
1576328786030735361
1576328534171463680
1576328441653530624
1576328149683404802
1576328063989997568
1576327591086084097
1576327571519717377
1576327422852485120
1576327158716600320
1576326934652682240
1576326903409299457
1576326649754267648
1576325850341023746
1576325732828971009
1576324487737327616
1576323969019707393
1576323691155099650
1576323581352415232
1576323373021265920
1576322931218477057
1576321421940121602
1576321179320975360
1576320816198754304
1576320811299786753
1576320137258418176
1576319940088328192
1576318306247905280
1576318149275680769
